1 0 1 -2.309384 
1 0 2 2.655000 
1 1 1 -2.410826 
1 1 2 2.543449 
1 2 1 -2.512267 
1 2 2 2.431899 
1 3 1 -2.613708 
1 3 2 2.320348 
1 4 1 -2.715150 
1 4 2 2.208797 
1 5 1 -2.816591 
1 5 2 2.097247 
1 6 1 -2.918032 
1 6 2 1.985696 
1 7 1 -3.019474 
1 7 2 1.874145 
1 8 1 -3.120915 
1 8 2 1.762594 
1 9 1 -3.222356 
1 9 2 1.651044 
1 10 1 -3.323798 
1 10 2 1.539493 
1 11 1 -3.425239 
1 11 2 1.427942 
1 12 1 -3.526681 
1 12 2 1.316391 
1 13 1 -3.628122 
1 13 2 1.204841 
1 14 1 -3.729563 
1 14 2 1.093290 
1 15 1 -3.831005 
1 15 2 0.981739 
1 16 1 -3.932446 
1 16 2 0.870188 
1 17 1 -4.033887 
1 17 2 0.758638 
1 18 1 -4.135329 
1 18 2 0.647087 
1 19 1 -4.236770 
1 19 2 0.535536 
1 20 1 -4.338211 
1 20 2 0.423986 
1 21 1 -4.439653 
1 21 2 0.312435 
1 22 1 -4.541094 
1 22 2 0.200884 
1 23 1 -4.642536 
1 23 2 0.089333 
1 24 1 -4.743977 
1 24 2 -0.022217 
1 25 1 -4.845418 
1 25 2 -0.133768 
1 26 1 -4.946860 
1 26 2 -0.245319 
1 27 1 -5.048301 
1 27 2 -0.356870 
1 28 1 -5.149742 
1 28 2 -0.468420 
1 29 1 -5.251184 
1 29 2 -0.579971 
1 30 1 -5.352625 
1 30 2 -0.691522 
1 31 1 -5.454067 
1 31 2 -0.803073 
1 32 1 -5.555508 
1 32 2 -0.914623 
1 33 1 -5.656949 
1 33 2 -1.026174 
1 34 1 -5.758391 
1 34 2 -1.137725 
1 35 1 -5.859832 
1 35 2 -1.249275 
1 36 1 -5.961273 
1 36 2 -1.360826 
1 37 1 -6.062715 
1 37 2 -1.472377 
1 38 1 -6.164156 
1 38 2 -1.583928 
1 39 1 -6.265597 
1 39 2 -1.695478 
1 40 1 -6.367039 
1 40 2 -1.807029 
1 41 1 -6.468480 
1 41 2 -1.918580 
1 42 1 -6.569922 
1 42 2 -2.030131 
1 43 1 -6.671363 
1 43 2 -2.141681 
1 44 1 -6.772804 
1 44 2 -2.253232 
1 45 1 -6.874246 
1 45 2 -2.364783 
1 46 1 -6.975687 
1 46 2 -2.476334 
1 47 1 -7.077128 
1 47 2 -2.587884 
1 48 1 -7.178570 
1 48 2 -2.699435 
1 49 1 -7.280011 
1 49 2 -2.810986 
1 50 1 -7.381453 
1 50 2 -2.922536 
1 51 1 -7.482894 
1 51 2 -3.034087 
1 52 1 -7.584335 
1 52 2 -3.145638 
1 53 1 -7.685777 
1 53 2 -3.257189 
1 54 1 -7.787218 
1 54 2 -3.368739 
1 55 1 -7.888659 
1 55 2 -3.480290 
1 56 1 -7.990101 
1 56 2 -3.591841 
1 57 1 -8.091542 
1 57 2 -3.703392 
1 58 1 -8.192983 
1 58 2 -3.814942 
1 59 1 -8.294425 
1 59 2 -3.926493 
1 60 1 -8.395866 
1 60 2 -4.038044 
1 61 1 -8.497308 
1 61 2 -4.149595 
1 62 1 -8.598749 
1 62 2 -4.261145 
1 63 1 -8.700190 
1 63 2 -4.372696 
1 64 1 -8.801632 
1 64 2 -4.484247 
1 65 1 -8.903073 
1 65 2 -4.595797 
1 66 1 -9.004514 
1 66 2 -4.707348 
1 67 1 -9.105956 
1 67 2 -4.818899 
1 68 1 -9.207397 
1 68 2 -4.930450 
1 69 1 -9.308839 
1 69 2 -5.042000 
1 70 1 -9.410280 
1 70 2 -5.153551 
1 71 1 -9.511721 
1 71 2 -5.265102 
1 72 1 -9.613163 
1 72 2 -5.376653 
1 73 1 -9.714604 
1 73 2 -5.488203 
1 74 1 -9.816045 
1 74 2 -5.599754 
1 75 1 -9.917487 
1 75 2 -5.711305 
1 76 1 -10.018928 
1 76 2 -5.822855 
1 77 1 -10.120369 
1 77 2 -5.934406 
1 78 1 -10.221811 
1 78 2 -6.045957 
1 79 1 -10.323252 
1 79 2 -6.157508 
1 80 1 -10.424694 
1 80 2 -6.269058 
1 81 1 -10.526135 
1 81 2 -6.380609 
1 82 1 -10.627576 
1 82 2 -6.492160 
1 83 1 -10.729018 
1 83 2 -6.603711 
1 84 1 -10.830459 
1 84 2 -6.715261 
1 85 1 -10.931900 
1 85 2 -6.826812 
1 86 1 -11.033342 
1 86 2 -6.938363 
1 87 1 -11.134783 
1 87 2 -7.049914 
1 88 1 -11.236225 
1 88 2 -7.161464 
1 89 1 -11.337666 
1 89 2 -7.273015 
1 90 1 -11.439107 
1 90 2 -7.384566 
1 91 1 -11.540549 
1 91 2 -7.496116 
1 92 1 -11.641990 
1 92 2 -7.607667 
1 93 1 -11.743431 
1 93 2 -7.719218 
1 94 1 -11.844873 
1 94 2 -7.830769 
1 95 1 -11.946314 
1 95 2 -7.942319 
1 96 1 -12.047755 
1 96 2 -8.053870 
1 97 1 -12.149197 
1 97 2 -8.165421 
1 98 1 -12.250638 
1 98 2 -8.276972 
1 99 1 -12.352080 
1 99 2 -8.388522 
1 100 1 -12.453521 
1 100 2 -8.500073 
2 0 1 -4.088865 
2 0 2 0.762094 
2 1 1 -3.974631 
2 1 2 0.773110 
2 2 1 -3.860397 
2 2 2 0.784126 
2 3 1 -3.746164 
2 3 2 0.795143 
2 4 1 -3.631930 
2 4 2 0.806159 
2 5 1 -3.517696 
2 5 2 0.817175 
2 6 1 -3.403462 
2 6 2 0.828192 
2 7 1 -3.289228 
2 7 2 0.839208 
2 8 1 -3.174994 
2 8 2 0.850224 
2 9 1 -3.060760 
2 9 2 0.861241 
2 10 1 -2.946526 
2 10 2 0.872257 
2 11 1 -2.832292 
2 11 2 0.883273 
2 12 1 -2.718058 
2 12 2 0.894289 
2 13 1 -2.603824 
2 13 2 0.905306 
2 14 1 -2.489590 
2 14 2 0.916322 
2 15 1 -2.375356 
2 15 2 0.927338 
2 16 1 -2.261122 
2 16 2 0.938355 
2 17 1 -2.146888 
2 17 2 0.949371 
2 18 1 -2.032654 
2 18 2 0.960387 
2 19 1 -1.918420 
2 19 2 0.971404 
2 20 1 -1.804186 
2 20 2 0.982420 
2 21 1 -1.689952 
2 21 2 0.993436 
2 22 1 -1.575718 
2 22 2 1.004453 
2 23 1 -1.461484 
2 23 2 1.015469 
2 24 1 -1.347251 
2 24 2 1.026485 
2 25 1 -1.233017 
2 25 2 1.037502 
2 26 1 -1.118783 
2 26 2 1.048518 
2 27 1 -1.004549 
2 27 2 1.059534 
2 28 1 -0.890315 
2 28 2 1.070550 
2 29 1 -0.776081 
2 29 2 1.081567 
2 30 1 -0.661847 
2 30 2 1.092583 
2 31 1 -0.547613 
2 31 2 1.103599 
2 32 1 -0.433379 
2 32 2 1.114616 
2 33 1 -0.319145 
2 33 2 1.125632 
2 34 1 -0.204911 
2 34 2 1.136648 
2 35 1 -0.090677 
2 35 2 1.147665 
2 36 1 0.023557 
2 36 2 1.158681 
2 37 1 0.137791 
2 37 2 1.169697 
2 38 1 0.252025 
2 38 2 1.180714 
2 39 1 0.366259 
2 39 2 1.191730 
2 40 1 0.480493 
2 40 2 1.202746 
2 41 1 0.594727 
2 41 2 1.213762 
2 42 1 0.708961 
2 42 2 1.224779 
2 43 1 0.823195 
2 43 2 1.235795 
2 44 1 0.937428 
2 44 2 1.246811 
2 45 1 1.051662 
2 45 2 1.257828 
2 46 1 1.165896 
2 46 2 1.268844 
2 47 1 1.280130 
2 47 2 1.279860 
2 48 1 1.394364 
2 48 2 1.290877 
2 49 1 1.508598 
2 49 2 1.301893 
2 50 1 1.622832 
2 50 2 1.312909 
2 51 1 1.737066 
2 51 2 1.323926 
2 52 1 1.851300 
2 52 2 1.334942 
2 53 1 1.965534 
2 53 2 1.345958 
2 54 1 2.079768 
2 54 2 1.356974 
2 55 1 2.194002 
2 55 2 1.367991 
2 56 1 2.308236 
2 56 2 1.379007 
2 57 1 2.422470 
2 57 2 1.390023 
2 58 1 2.536704 
2 58 2 1.401040 
2 59 1 2.650938 
2 59 2 1.412056 
2 60 1 2.765172 
2 60 2 1.423072 
2 61 1 2.879406 
2 61 2 1.434089 
2 62 1 2.993640 
2 62 2 1.445105 
2 63 1 3.107874 
2 63 2 1.456121 
2 64 1 3.222107 
2 64 2 1.467138 
2 65 1 3.336341 
2 65 2 1.478154 
2 66 1 3.450575 
2 66 2 1.489170 
2 67 1 3.564809 
2 67 2 1.500186 
2 68 1 3.679043 
2 68 2 1.511203 
2 69 1 3.793277 
2 69 2 1.522219 
2 70 1 3.907511 
2 70 2 1.533235 
2 71 1 4.021745 
2 71 2 1.544252 
2 72 1 4.135979 
2 72 2 1.555268 
2 73 1 4.250213 
2 73 2 1.566284 
2 74 1 4.364447 
2 74 2 1.577301 
2 75 1 4.478681 
2 75 2 1.588317 
2 76 1 4.592915 
2 76 2 1.599333 
2 77 1 4.707149 
2 77 2 1.610350 
2 78 1 4.821383 
2 78 2 1.621366 
2 79 1 4.935617 
2 79 2 1.632382 
2 80 1 5.049851 
2 80 2 1.643398 
2 81 1 5.164085 
2 81 2 1.654415 
2 82 1 5.278319 
2 82 2 1.665431 
2 83 1 5.392553 
2 83 2 1.676447 
2 84 1 5.506787 
2 84 2 1.687464 
2 85 1 5.621020 
2 85 2 1.698480 
2 86 1 5.735254 
2 86 2 1.709496 
2 87 1 5.849488 
2 87 2 1.720513 
2 88 1 5.963722 
2 88 2 1.731529 
2 89 1 6.077956 
2 89 2 1.742545 
2 90 1 6.192190 
2 90 2 1.753562 
2 91 1 6.306424 
2 91 2 1.764578 
2 92 1 6.420658 
2 92 2 1.775594 
2 93 1 6.534892 
2 93 2 1.786610 
2 94 1 6.649126 
2 94 2 1.797627 
2 95 1 6.763360 
2 95 2 1.808643 
2 96 1 6.877594 
2 96 2 1.819659 
2 97 1 6.991828 
2 97 2 1.830676 
2 98 1 7.106062 
2 98 2 1.841692 
2 99 1 7.220296 
2 99 2 1.852708 
2 100 1 7.334530 
2 100 2 1.863725 
3 0 1 -0.742712 
3 0 2 1.444428 
3 1 1 -0.676237 
3 1 2 1.501590 
3 2 1 -0.609763 
3 2 2 1.558753 
3 3 1 -0.543289 
3 3 2 1.615915 
3 4 1 -0.476815 
3 4 2 1.673078 
3 5 1 -0.410341 
3 5 2 1.730240 
3 6 1 -0.343867 
3 6 2 1.787402 
3 7 1 -0.277392 
3 7 2 1.844565 
3 8 1 -0.210918 
3 8 2 1.901727 
3 9 1 -0.144444 
3 9 2 1.958890 
3 10 1 -0.077970 
3 10 2 2.016052 
3 11 1 -0.011496 
3 11 2 2.073214 
3 12 1 0.054978 
3 12 2 2.130377 
3 13 1 0.121453 
3 13 2 2.187539 
3 14 1 0.187927 
3 14 2 2.244702 
3 15 1 0.254401 
3 15 2 2.301864 
3 16 1 0.320875 
3 16 2 2.359027 
3 17 1 0.387349 
3 17 2 2.416189 
3 18 1 0.453823 
3 18 2 2.473351 
3 19 1 0.520298 
3 19 2 2.530514 
3 20 1 0.586772 
3 20 2 2.587676 
3 21 1 0.653246 
3 21 2 2.644839 
3 22 1 0.719720 
3 22 2 2.702001 
3 23 1 0.786194 
3 23 2 2.759164 
3 24 1 0.852668 
3 24 2 2.816326 
3 25 1 0.919143 
3 25 2 2.873488 
3 26 1 0.985617 
3 26 2 2.930651 
3 27 1 1.052091 
3 27 2 2.987813 
3 28 1 1.118565 
3 28 2 3.044976 
3 29 1 1.185039 
3 29 2 3.102138 
3 30 1 1.251513 
3 30 2 3.159301 
3 31 1 1.317988 
3 31 2 3.216463 
3 32 1 1.384462 
3 32 2 3.273625 
3 33 1 1.450936 
3 33 2 3.330788 
3 34 1 1.517410 
3 34 2 3.387950 
3 35 1 1.583884 
3 35 2 3.445113 
3 36 1 1.650358 
3 36 2 3.502275 
3 37 1 1.716833 
3 37 2 3.559437 
3 38 1 1.783307 
3 38 2 3.616600 
3 39 1 1.849781 
3 39 2 3.673762 
3 40 1 1.916255 
3 40 2 3.730925 
3 41 1 1.982729 
3 41 2 3.788087 
3 42 1 2.049203 
3 42 2 3.845250 
3 43 1 2.115678 
3 43 2 3.902412 
3 44 1 2.182152 
3 44 2 3.959574 
3 45 1 2.248626 
3 45 2 4.016737 
3 46 1 2.315100 
3 46 2 4.073899 
3 47 1 2.381574 
3 47 2 4.131062 
3 48 1 2.448048 
3 48 2 4.188224 
3 49 1 2.514523 
3 49 2 4.245387 
3 50 1 2.580997 
3 50 2 4.302549 
3 51 1 2.647471 
3 51 2 4.359711 
3 52 1 2.713945 
3 52 2 4.416874 
3 53 1 2.780419 
3 53 2 4.474036 
3 54 1 2.846893 
3 54 2 4.531199 
3 55 1 2.913368 
3 55 2 4.588361 
3 56 1 2.979842 
3 56 2 4.645524 
3 57 1 3.046316 
3 57 2 4.702686 
3 58 1 3.112790 
3 58 2 4.759848 
3 59 1 3.179264 
3 59 2 4.817011 
3 60 1 3.245738 
3 60 2 4.874173 
3 61 1 3.312213 
3 61 2 4.931336 
3 62 1 3.378687 
3 62 2 4.988498 
3 63 1 3.445161 
3 63 2 5.045660 
3 64 1 3.511635 
3 64 2 5.102823 
3 65 1 3.578109 
3 65 2 5.159985 
3 66 1 3.644583 
3 66 2 5.217148 
3 67 1 3.711058 
3 67 2 5.274310 
3 68 1 3.777532 
3 68 2 5.331473 
3 69 1 3.844006 
3 69 2 5.388635 
3 70 1 3.910480 
3 70 2 5.445797 
3 71 1 3.976954 
3 71 2 5.502960 
3 72 1 4.043429 
3 72 2 5.560122 
3 73 1 4.109903 
3 73 2 5.617285 
3 74 1 4.176377 
3 74 2 5.674447 
3 75 1 4.242851 
3 75 2 5.731610 
3 76 1 4.309325 
3 76 2 5.788772 
3 77 1 4.375799 
3 77 2 5.845934 
3 78 1 4.442274 
3 78 2 5.903097 
3 79 1 4.508748 
3 79 2 5.960259 
3 80 1 4.575222 
3 80 2 6.017422 
3 81 1 4.641696 
3 81 2 6.074584 
3 82 1 4.708170 
3 82 2 6.131747 
3 83 1 4.774644 
3 83 2 6.188909 
3 84 1 4.841119 
3 84 2 6.246071 
3 85 1 4.907593 
3 85 2 6.303234 
3 86 1 4.974067 
3 86 2 6.360396 
3 87 1 5.040541 
3 87 2 6.417559 
3 88 1 5.107015 
3 88 2 6.474721 
3 89 1 5.173489 
3 89 2 6.531884 
3 90 1 5.239964 
3 90 2 6.589046 
3 91 1 5.306438 
3 91 2 6.646208 
3 92 1 5.372912 
3 92 2 6.703371 
3 93 1 5.439386 
3 93 2 6.760533 
3 94 1 5.505860 
3 94 2 6.817696 
3 95 1 5.572334 
3 95 2 6.874858 
3 96 1 5.638809 
3 96 2 6.932020 
3 97 1 5.705283 
3 97 2 6.989183 
3 98 1 5.771757 
3 98 2 7.046345 
3 99 1 5.838231 
3 99 2 7.103508 
3 100 1 5.904705 
3 100 2 7.160670 
4 0 1 1.357867 
4 0 2 4.451741 
4 1 1 1.227862 
4 1 2 4.490936 
4 2 1 1.097858 
4 2 2 4.530132 
4 3 1 0.967853 
4 3 2 4.569327 
4 4 1 0.837848 
4 4 2 4.608522 
4 5 1 0.707844 
4 5 2 4.647717 
4 6 1 0.577839 
4 6 2 4.686913 
4 7 1 0.447834 
4 7 2 4.726108 
4 8 1 0.317829 
4 8 2 4.765303 
4 9 1 0.187825 
4 9 2 4.804499 
4 10 1 0.057820 
4 10 2 4.843694 
4 11 1 -0.072185 
4 11 2 4.882889 
4 12 1 -0.202189 
4 12 2 4.922084 
4 13 1 -0.332194 
4 13 2 4.961280 
4 14 1 -0.462199 
4 14 2 5.000475 
4 15 1 -0.592203 
4 15 2 5.039670 
4 16 1 -0.722208 
4 16 2 5.078865 
4 17 1 -0.852213 
4 17 2 5.118061 
4 18 1 -0.982218 
4 18 2 5.157256 
4 19 1 -1.112222 
4 19 2 5.196451 
4 20 1 -1.242227 
4 20 2 5.235647 
4 21 1 -1.372232 
4 21 2 5.274842 
4 22 1 -1.502236 
4 22 2 5.314037 
4 23 1 -1.632241 
4 23 2 5.353232 
4 24 1 -1.762246 
4 24 2 5.392428 
4 25 1 -1.892250 
4 25 2 5.431623 
4 26 1 -2.022255 
4 26 2 5.470818 
4 27 1 -2.152260 
4 27 2 5.510013 
4 28 1 -2.282265 
4 28 2 5.549209 
4 29 1 -2.412269 
4 29 2 5.588404 
4 30 1 -2.542274 
4 30 2 5.627599 
4 31 1 -2.672279 
4 31 2 5.666794 
4 32 1 -2.802283 
4 32 2 5.705990 
4 33 1 -2.932288 
4 33 2 5.745185 
4 34 1 -3.062293 
4 34 2 5.784380 
4 35 1 -3.192297 
4 35 2 5.823576 
4 36 1 -3.322302 
4 36 2 5.862771 
4 37 1 -3.452307 
4 37 2 5.901966 
4 38 1 -3.582312 
4 38 2 5.941161 
4 39 1 -3.712316 
4 39 2 5.980357 
4 40 1 -3.842321 
4 40 2 6.019552 
4 41 1 -3.972326 
4 41 2 6.058747 
4 42 1 -4.102330 
4 42 2 6.097942 
4 43 1 -4.232335 
4 43 2 6.137138 
4 44 1 -4.362340 
4 44 2 6.176333 
4 45 1 -4.492344 
4 45 2 6.215528 
4 46 1 -4.622349 
4 46 2 6.254724 
4 47 1 -4.752354 
4 47 2 6.293919 
4 48 1 -4.882359 
4 48 2 6.333114 
4 49 1 -5.012363 
4 49 2 6.372309 
4 50 1 -5.142368 
4 50 2 6.411505 
4 51 1 -5.272373 
4 51 2 6.450700 
4 52 1 -5.402377 
4 52 2 6.489895 
4 53 1 -5.532382 
4 53 2 6.529090 
4 54 1 -5.662387 
4 54 2 6.568286 
4 55 1 -5.792392 
4 55 2 6.607481 
4 56 1 -5.922396 
4 56 2 6.646676 
4 57 1 -6.052401 
4 57 2 6.685872 
4 58 1 -6.182406 
4 58 2 6.725067 
4 59 1 -6.312410 
4 59 2 6.764262 
4 60 1 -6.442415 
4 60 2 6.803457 
4 61 1 -6.572420 
4 61 2 6.842653 
4 62 1 -6.702424 
4 62 2 6.881848 
4 63 1 -6.832429 
4 63 2 6.921043 
4 64 1 -6.962434 
4 64 2 6.960238 
4 65 1 -7.092439 
4 65 2 6.999434 
4 66 1 -7.222443 
4 66 2 7.038629 
4 67 1 -7.352448 
4 67 2 7.077824 
4 68 1 -7.482453 
4 68 2 7.117019 
4 69 1 -7.612457 
4 69 2 7.156215 
4 70 1 -7.742462 
4 70 2 7.195410 
4 71 1 -7.872467 
4 71 2 7.234605 
4 72 1 -8.002471 
4 72 2 7.273801 
4 73 1 -8.132476 
4 73 2 7.312996 
4 74 1 -8.262481 
4 74 2 7.352191 
4 75 1 -8.392486 
4 75 2 7.391386 
4 76 1 -8.522490 
4 76 2 7.430582 
4 77 1 -8.652495 
4 77 2 7.469777 
4 78 1 -8.782500 
4 78 2 7.508972 
4 79 1 -8.912504 
4 79 2 7.548167 
4 80 1 -9.042509 
4 80 2 7.587363 
4 81 1 -9.172514 
4 81 2 7.626558 
4 82 1 -9.302518 
4 82 2 7.665753 
4 83 1 -9.432523 
4 83 2 7.704949 
4 84 1 -9.562528 
4 84 2 7.744144 
4 85 1 -9.692533 
4 85 2 7.783339 
4 86 1 -9.822537 
4 86 2 7.822534 
4 87 1 -9.952542 
4 87 2 7.861730 
4 88 1 -10.082547 
4 88 2 7.900925 
4 89 1 -10.212551 
4 89 2 7.940120 
4 90 1 -10.342556 
4 90 2 7.979315 
4 91 1 -10.472561 
4 91 2 8.018511 
4 92 1 -10.602565 
4 92 2 8.057706 
4 93 1 -10.732570 
4 93 2 8.096901 
4 94 1 -10.862575 
4 94 2 8.136096 
4 95 1 -10.992580 
4 95 2 8.175292 
4 96 1 -11.122584 
4 96 2 8.214487 
4 97 1 -11.252589 
4 97 2 8.253682 
4 98 1 -11.382594 
4 98 2 8.292878 
4 99 1 -11.512598 
4 99 2 8.332073 
4 100 1 -11.642603 
4 100 2 8.371268 
5 0 1 -2.637694 
5 0 2 -3.806038 
5 1 1 -2.568396 
5 1 2 -3.787922 
5 2 1 -2.499097 
5 2 2 -3.769807 
5 3 1 -2.429799 
5 3 2 -3.751691 
5 4 1 -2.360500 
5 4 2 -3.733576 
5 5 1 -2.291202 
5 5 2 -3.715460 
5 6 1 -2.221903 
5 6 2 -3.697345 
5 7 1 -2.152605 
5 7 2 -3.679229 
5 8 1 -2.083306 
5 8 2 -3.661114 
5 9 1 -2.014008 
5 9 2 -3.642998 
5 10 1 -1.944709 
5 10 2 -3.624883 
5 11 1 -1.875411 
5 11 2 -3.606768 
5 12 1 -1.806112 
5 12 2 -3.588652 
5 13 1 -1.736813 
5 13 2 -3.570537 
5 14 1 -1.667515 
5 14 2 -3.552421 
5 15 1 -1.598216 
5 15 2 -3.534306 
5 16 1 -1.528918 
5 16 2 -3.516190 
5 17 1 -1.459619 
5 17 2 -3.498075 
5 18 1 -1.390321 
5 18 2 -3.479959 
5 19 1 -1.321022 
5 19 2 -3.461844 
5 20 1 -1.251724 
5 20 2 -3.443728 
5 21 1 -1.182425 
5 21 2 -3.425613 
5 22 1 -1.113127 
5 22 2 -3.407498 
5 23 1 -1.043828 
5 23 2 -3.389382 
5 24 1 -0.974530 
5 24 2 -3.371267 
5 25 1 -0.905231 
5 25 2 -3.353151 
5 26 1 -0.835933 
5 26 2 -3.335036 
5 27 1 -0.766634 
5 27 2 -3.316920 
5 28 1 -0.697336 
5 28 2 -3.298805 
5 29 1 -0.628037 
5 29 2 -3.280689 
5 30 1 -0.558739 
5 30 2 -3.262574 
5 31 1 -0.489440 
5 31 2 -3.244458 
5 32 1 -0.420142 
5 32 2 -3.226343 
5 33 1 -0.350843 
5 33 2 -3.208228 
5 34 1 -0.281545 
5 34 2 -3.190112 
5 35 1 -0.212246 
5 35 2 -3.171997 
5 36 1 -0.142948 
5 36 2 -3.153881 
5 37 1 -0.073649 
5 37 2 -3.135766 
5 38 1 -0.004351 
5 38 2 -3.117650 
5 39 1 0.064948 
5 39 2 -3.099535 
5 40 1 0.134247 
5 40 2 -3.081419 
5 41 1 0.203545 
5 41 2 -3.063304 
5 42 1 0.272844 
5 42 2 -3.045188 
5 43 1 0.342142 
5 43 2 -3.027073 
5 44 1 0.411441 
5 44 2 -3.008958 
5 45 1 0.480739 
5 45 2 -2.990842 
5 46 1 0.550038 
5 46 2 -2.972727 
5 47 1 0.619336 
5 47 2 -2.954611 
5 48 1 0.688635 
5 48 2 -2.936496 
5 49 1 0.757933 
5 49 2 -2.918380 
5 50 1 0.827232 
5 50 2 -2.900265 
5 51 1 0.896530 
5 51 2 -2.882149 
5 52 1 0.965829 
5 52 2 -2.864034 
5 53 1 1.035127 
5 53 2 -2.845918 
5 54 1 1.104426 
5 54 2 -2.827803 
5 55 1 1.173724 
5 55 2 -2.809688 
5 56 1 1.243023 
5 56 2 -2.791572 
5 57 1 1.312321 
5 57 2 -2.773457 
5 58 1 1.381620 
5 58 2 -2.755341 
5 59 1 1.450918 
5 59 2 -2.737226 
5 60 1 1.520217 
5 60 2 -2.719110 
5 61 1 1.589515 
5 61 2 -2.700995 
5 62 1 1.658814 
5 62 2 -2.682879 
5 63 1 1.728112 
5 63 2 -2.664764 
5 64 1 1.797411 
5 64 2 -2.646648 
5 65 1 1.866709 
5 65 2 -2.628533 
5 66 1 1.936008 
5 66 2 -2.610418 
5 67 1 2.005307 
5 67 2 -2.592302 
5 68 1 2.074605 
5 68 2 -2.574187 
5 69 1 2.143904 
5 69 2 -2.556071 
5 70 1 2.213202 
5 70 2 -2.537956 
5 71 1 2.282501 
5 71 2 -2.519840 
5 72 1 2.351799 
5 72 2 -2.501725 
5 73 1 2.421098 
5 73 2 -2.483609 
5 74 1 2.490396 
5 74 2 -2.465494 
5 75 1 2.559695 
5 75 2 -2.447378 
5 76 1 2.628993 
5 76 2 -2.429263 
5 77 1 2.698292 
5 77 2 -2.411148 
5 78 1 2.767590 
5 78 2 -2.393032 
5 79 1 2.836889 
5 79 2 -2.374917 
5 80 1 2.906187 
5 80 2 -2.356801 
5 81 1 2.975486 
5 81 2 -2.338686 
5 82 1 3.044784 
5 82 2 -2.320570 
5 83 1 3.114083 
5 83 2 -2.302455 
5 84 1 3.183381 
5 84 2 -2.284339 
5 85 1 3.252680 
5 85 2 -2.266224 
5 86 1 3.321978 
5 86 2 -2.248108 
5 87 1 3.391277 
5 87 2 -2.229993 
5 88 1 3.460575 
5 88 2 -2.211878 
5 89 1 3.529874 
5 89 2 -2.193762 
5 90 1 3.599172 
5 90 2 -2.175647 
5 91 1 3.668471 
5 91 2 -2.157531 
5 92 1 3.737769 
5 92 2 -2.139416 
5 93 1 3.807068 
5 93 2 -2.121300 
5 94 1 3.876367 
5 94 2 -2.103185 
5 95 1 3.945665 
5 95 2 -2.085069 
5 96 1 4.014964 
5 96 2 -2.066954 
5 97 1 4.084262 
5 97 2 -2.048838 
5 98 1 4.153561 
5 98 2 -2.030723 
5 99 1 4.222859 
5 99 2 -2.012608 
5 100 1 4.292158 
5 100 2 -1.994492 
