1 1 1 -17.000000 
1 1 2 0.000000 
1 1 3 362.100000 
1 2 1 0.000000 
1 2 2 -0.400000 
1 2 3 -2.400000 
1 3 1 17.000000 
1 3 2 0.000000 
1 3 3 -368.900000 
1 4 1 0.000000 
1 4 2 0.400000 
1 4 3 -4.400000 
2 1 1 -0.400000 
2 1 2 -0.000000 
2 1 3 -12.000000 
2 2 1 -0.000000 
2 2 2 20.000000 
2 2 3 186.000000 
2 3 1 0.400000 
2 3 2 -0.000000 
2 3 3 4.000000 
2 4 1 -0.000000 
2 4 2 -20.000000 
2 4 3 -194.000000 
3 1 1 0.800000 
3 1 2 1.000000 
3 1 3 -5.040000 
3 2 1 7.030000 
3 2 2 -17.650000 
3 2 3 235.948500 
3 3 1 -2.000000 
3 3 2 -1.400000 
3 3 3 -44.202000 
3 4 1 -5.830000 
3 4 2 18.050000 
3 4 3 -252.118500 
